nohup: ignoring input
begin
8049
16129
26551
38199
49457
60880
71572
82436
94862
105633
115069
episodes 10, step is 142 
-10328
215
(-3.4426666666666668, 0.029, 1.5813953488372092)
126133
139015
152159
164443
176525
189255
201165
212979
225585
237280
episodes 20, step is 142 
-11983
181
(-3.9943333333333335, 0.022, 2.1767955801104972)
249775
262102
274169
286865
298498
309491
320904
332697
345213
359401
episodes 30, step is 142 
-10116
26
(-3.372, 0.0036666666666666666, 1.6923076923076923)
373043
386285
399311
412120
424737
434075
444457
457120
468358
478617
episodes 40, step is 142 
-2932
21
(-0.9773333333333334, 0.0033333333333333335, 1.0)
489335
499489
511097
521375
531157
542903
552812
560983
575660
585087
episodes 50, step is 142 
-2604
87
(-0.868, 0.020666666666666667, 1.0)
596087
609041
621005
629965
644424
656278
665992
678087
688134
698494
episodes 60, step is 142 
-2837
26
(-0.9456666666666667, 0.003, 1.0)
710106
720005
730160
741808
750679
760503
771971
782453
793212
803740
episodes 70, step is 142 
-2923
21
(-0.9743333333333334, 0.004, 1.0)
814413
825390
836696
846599
858461
870297
881546
891229
902002
915179
episodes 80, step is 142 
-2928
18
(-0.976, 0.0033333333333333335, 1.0)
925820
933572
943421
955100
965063
975348
987114
998161
1012546
1023081
episodes 90, step is 142 
-2915
6
(-0.9716666666666667, 0.0013333333333333333, 1.0)
1033392
1043977
1055318
1066912
1080257
1091034
1105442
1115745
1127425
1137113
episodes 100, step is 142 
-2823
45
(-0.941, 0.011, 1.0)
1151126
1162800
1172484
1184457
1193249
1204974
1215843
1226641
1237208
1246231
episodes 110, step is 142 
-2823
42
(-0.941, 0.004666666666666667, 1.0)
1258089
1266809
1278731
1290543
1302284
1315383
1327664
1337592
1347351
1359315
episodes 120, step is 142 
-2934
9
(-0.978, 0.001, 1.0)
1370441
1382006
1390269
1400304
1411244
1422992
1432849
1441966
1451495
1461313
episodes 130, step is 142 
-2407
121
(-0.8023333333333333, 0.036, 1.0)
1471272
1480068
1491829
1504390
1514442
1523145
1534672
1546204
1556539
1571155
episodes 140, step is 142 
-2936
11
(-0.9786666666666667, 0.003, 1.0)
1579712
1589462
1598590
1609436
1623691
1634832
1647904
1659092
1669115
1677506
episodes 150, step is 142 
-2914
15
(-0.9713333333333334, 0.0013333333333333333, 1.0)
1688228
1702233
1713031
1720755
1735341
1747231
1758795
1770515
1781727
1789954
episodes 160, step is 142 
-2883
30
(-0.961, 0.006333333333333333, 1.0)
1801036
1812726
1824025
1834118
1843501
1855126
1869071
1881272
1894443
1905978
episodes 170, step is 142 
-2881
11
(-0.9603333333333334, 0.0023333333333333335, 1.0)
1916144
1926366
1936767
1946443
1958192
1969986
1983934
1993050
2004751
2013437
episodes 180, step is 142 
-2853
36
(-0.951, 0.007333333333333333, 1.0)
2022840
2032025
2044001
2054118
2064835
2078084
2089487
2099365
2111082
2121701
episodes 190, step is 142 
-2912
12
(-0.9706666666666667, 0.0023333333333333335, 1.0)
2132443
2146940
2159393
2169942
2177695
2187886
2198640
2208907
2219689
2230888
episodes 200, step is 142 
-2883
39
(-0.961, 0.001, 1.0)
2242492
2253435
2261353
2273036
2284258
2295966
2307655
2322184
2334216
2347388
episodes 210, step is 142 
-2922
36
(-0.974, 0.0036666666666666666, 1.0)
2358127
2372470
2382370
2390634
2400419
2410465
2419584
2429216
2439549
2451253
episodes 220, step is 142 
-2867
41
(-0.9556666666666667, 0.007, 1.0)
2461443
2471211
2482846
2493657
2505218
2514284
2526240
2535398
2547262
2556984
episodes 230, step is 142 
-2921
32
(-0.9736666666666667, 0.002, 1.0)
2566142
2577720
2588853
2600538
2610664
2619504
2630395
2643399
2654213
2665041
episodes 240, step is 142 
-2928
7
(-0.976, 0.001, 1.0)
2675433
2689980
2702348
2714031
2723025
2731896
2741497
2751513
2759723
2771483
episodes 250, step is 142 
-2904
14
(-0.968, 0.0033333333333333335, 1.0)
2782210
2791823
2803513
2814443
2826022
2838363
2848441
2862977
2873575
2885423
episodes 260, step is 142 
-2895
9
(-0.965, 0.002, 1.0)
2895747
2905548
2915573
2927282
2936191
2943405
2952587
2963611
2976722
2988461
episodes 270, step is 142 
-2814
30
(-0.938, 0.008, 1.0)
3000585
3012297
3022742
3034344
3042454
3050609
3059879
3072878
3083223
3093861
episodes 280, step is 142 
-2978
9
(-0.9926666666666667, 0.0013333333333333333, 1.0)
3104552
3116727
3127747
3136477
3147637
3159627
3170775
3182403
3192083
3200554
episodes 290, step is 142 
-2644
55
(-0.8813333333333333, 0.012666666666666666, 1.0)
3212265
3220186
3230480
3239491
3252812
3266144
3276555
3287247
3297951
3307729
episodes 300, step is 142 
-2683
68
(-0.8943333333333333, 0.014333333333333333, 1.0)
3319745
3331514
3342319
3357036
3368763
3380368
3389686
3399175
3411853
3424165
episodes 310, step is 142 
-2978
22
(-0.9926666666666667, 0.0006666666666666666, 1.0)
3433253
3443027
3452135
3462392
3472665
3485844
3498960
3511779
3520957
3530555
episodes 320, step is 142 
-2557
82
(-0.8523333333333334, 0.024666666666666667, 1.0)
3540370
3552322
3562960
3575343
3585837
3596996
3605023
3615129
3625016
3638903
episodes 330, step is 142 
-2948
7
(-0.9826666666666667, 0.0016666666666666668, 1.0)
3649074
3660650
3672434
3679210
3693366
3702027
3710626
3722241
3731997
3742314
episodes 340, step is 142 
-2906
17
(-0.9686666666666667, 0.004333333333333333, 1.0)
3752997
3764790
3777019
3791328
3801448
3812587
3827129
3838882
3849492
3860696
episodes 350, step is 142 
-2990
9
(-0.9966666666666667, 0.0006666666666666666, 1.0)
3871441
3878866
3890595
3903802
3912651
3924315
3935949
3947462
3961800
3972631
episodes 360, step is 142 
-2798
51
(-0.9326666666666666, 0.012333333333333333, 1.0)
3986574
3997580
4007825
4019580
4031949
4045010
4056446
4066420
4077189
4087216
episodes 370, step is 142 
-2582
89
(-0.8606666666666667, 0.022333333333333334, 1.0)
4098097
4107836
4119953
4131771
4141927
4156568
4168384
4179223
4190929
4203290
episodes 380, step is 142 
-2959
25
(-0.9863333333333333, 0.002, 1.0)
4211028
4222564
4234304
4247454
4262034
4272833
4284124
